10000.92g   1.000000 0.00000E+00   private two-group ordinary qualification





      17     1000        1        0        2        0        0        0
       0        0        0        2        0        0        0        0
       1        5        0        0        0        7        0        0
       0        0        0        0        9        0        0       12
      13        0        0        0        0        0        0        0
       0        0        0        0        0        0        0        0
 3.00000000E+00  1.00000000E+00  2.00000000E+00  2.00000000E+00
 1.00000000E+00  1.00000000E+00  0.00000000E+00  0.00000000E+00
 1.00000000E+01  1.00000000E+00  1.00000000E+00  1.40000000E+01
 1.60000000E+01  1.00000000E+00  2.00000000E+00 -5.00000000E-01
-5.00000000E-01
