10006.91m   1.000000 0.00000E+00   private secondary photon qualification





      22    10006        0        0        1        1        1        1
       0        0        0        1        0        0        0        0
       1        3        0        0        0        4        0        0
       0        0        5        6        7        9       10       11
      13        0        0        0        0        0        0        0
       0        0        0        0        0        0        0        0
 1.00000000E+00  2.00000000E+00  1.00000000E+00  0.00000000E+00
 2.00000000E+00  1.50000000E+01  1.70000000E+01  1.80000000E+01
 0.00000000E+00  1.00000000E+00  1.90000000E+01  2.00000000E+01
 2.10000000E+01  2.20000000E+01  1.00000000E+00  1.00000000E+00
 1.00000000E+00  1.00000000E+00  0.00000000E+00  1.00000000E+00
 0.00000000E+00 -5.00000000E-01
