
================================ Tally Table Start ================================ 
============================= 1 cell tally in total ==============================

--------- ID = 1, Particle = neutron, Type = flux, Estimator = track length, Number of cell/surface/point bins  = 1 --------------
Cell                          Group       Energy Bin         Ave            RE
1                               1         1.3900E-10     0.0000E+00     0.0000E+00
                                2         1.5200E-07     0.0000E+00     0.0000E+00
                                3         4.1400E-07     0.0000E+00     0.0000E+00
                                4         1.1300E-06     0.0000E+00     0.0000E+00
                                5         3.0600E-06     0.0000E+00     0.0000E+00
                                6         8.3200E-06     0.0000E+00     0.0000E+00
                                7         2.2600E-05     0.0000E+00     0.0000E+00
                                8         6.1400E-05     0.0000E+00     0.0000E+00
                                9         1.6700E-04     0.0000E+00     0.0000E+00
                                10        4.5400E-04     0.0000E+00     0.0000E+00
                                11        1.2350E-03     0.0000E+00     0.0000E+00
                                12        3.3500E-03     0.0000E+00     0.0000E+00
                                13        9.1200E-03     0.0000E+00     0.0000E+00
                                14        2.4800E-02     0.0000E+00     0.0000E+00
                                15        6.7600E-02     0.0000E+00     0.0000E+00
                                16        1.8400E-01     0.0000E+00     0.0000E+00
                                17        3.0300E-01     0.0000E+00     0.0000E+00
                                18        5.0000E-01     0.0000E+00     0.0000E+00
                                19        8.2300E-01     0.0000E+00     0.0000E+00
                                20        1.3530E+00     0.0000E+00     0.0000E+00
                                21        1.7380E+00     0.0000E+00     0.0000E+00
                                22        2.2320E+00     0.0000E+00     0.0000E+00
                                23        2.8650E+00     0.0000E+00     0.0000E+00
                                24        3.6800E+00     4.5723E-07     4.2933E-01
                                25        6.0700E+00     7.8310E-06     9.5094E-02
                                26        7.7900E+00     2.4080E-05     5.7475E-02
                                27        1.0000E+01     5.2069E-05     4.0192E-02
                                28        1.2000E+01     1.0362E-04     2.9468E-02
                                29        1.3500E+01     1.2884E-04     2.5637E-02
                                30        1.5000E+01     1.8088E-04     2.3172E-02
                               Tot                       4.9778E-04     1.6995E-02
