============================= 2 Mesh tally in total ==============================

--------- ID = 1, Particle = neutron, Type = flux, Estimator = track length, Number of cell/surface/point bins  = 2 --------------
Mesh index(x y z)             Group       Energy Bin         Ave            RE
1      1      1                 1         1.3900E-10     0.0000E+00     0.0000E+00
                                2         1.5200E-07     0.0000E+00     0.0000E+00
                                3         4.1400E-07     0.0000E+00     0.0000E+00
                                4         1.1300E-06     0.0000E+00     0.0000E+00
                                5         3.0600E-06     0.0000E+00     0.0000E+00
                                6         8.3200E-06     0.0000E+00     0.0000E+00
                                7         2.2600E-05     0.0000E+00     0.0000E+00
                                8         6.1400E-05     0.0000E+00     0.0000E+00
                                9         1.6700E-04     0.0000E+00     0.0000E+00
                                10        4.5400E-04     0.0000E+00     0.0000E+00
                                11        1.2350E-03     0.0000E+00     0.0000E+00
                                12        3.3500E-03     0.0000E+00     0.0000E+00
                                13        9.1200E-03     0.0000E+00     0.0000E+00
                                14        2.4800E-02     0.0000E+00     0.0000E+00
                                15        6.7600E-02     0.0000E+00     0.0000E+00
                                16        1.8400E-01     0.0000E+00     0.0000E+00
                                17        3.0300E-01     0.0000E+00     0.0000E+00
                                18        5.0000E-01     0.0000E+00     0.0000E+00
                                19        8.2300E-01     0.0000E+00     0.0000E+00
                                20        1.3530E+00     0.0000E+00     0.0000E+00
                                21        1.7380E+00     6.5914E-04     9.5546E-02
                                22        2.2320E+00     2.3782E-04     1.1751E-01
                                23        2.8650E+00     1.1220E-04     1.5588E-01
                                24        3.6800E+00     7.6815E-05     1.9144E-01
                                25        6.0700E+00     6.6589E-05     2.0103E-01
                                26        7.7900E+00     3.6936E-05     2.9680E-01
                                27        1.0000E+01     5.1537E-05     2.8554E-01
                                28        1.2000E+01     4.1641E-05     3.1036E-01
                                29        1.3500E+01     1.4520E-05     2.9987E-01
                                30        1.5000E+01     2.2897E-05     3.6354E-01
                               Tot                       1.3201E-03     6.1746E-02
2      1      1                 1         1.3900E-10     0.0000E+00     0.0000E+00
                                2         1.5200E-07     0.0000E+00     0.0000E+00
                                3         4.1400E-07     0.0000E+00     0.0000E+00
                                4         1.1300E-06     0.0000E+00     0.0000E+00
                                5         3.0600E-06     0.0000E+00     0.0000E+00
                                6         8.3200E-06     0.0000E+00     0.0000E+00
                                7         2.2600E-05     0.0000E+00     0.0000E+00
                                8         6.1400E-05     0.0000E+00     0.0000E+00
                                9         1.6700E-04     0.0000E+00     0.0000E+00
                                10        4.5400E-04     0.0000E+00     0.0000E+00
                                11        1.2350E-03     0.0000E+00     0.0000E+00
                                12        3.3500E-03     0.0000E+00     0.0000E+00
                                13        9.1200E-03     0.0000E+00     0.0000E+00
                                14        2.4800E-02     0.0000E+00     0.0000E+00
                                15        6.7600E-02     0.0000E+00     0.0000E+00
                                16        1.8400E-01     0.0000E+00     0.0000E+00
                                17        3.0300E-01     0.0000E+00     0.0000E+00
                                18        5.0000E-01     0.0000E+00     0.0000E+00
                                19        8.2300E-01     0.0000E+00     0.0000E+00
                                20        1.3530E+00     0.0000E+00     0.0000E+00
                                21        1.7380E+00     1.3548E+00     8.2293E-04
                                22        2.2320E+00     6.6056E-02     5.7219E-03
                                23        2.8650E+00     3.5274E-02     7.6524E-03
                                24        3.6800E+00     2.1904E-02     9.9914E-03
                                25        6.0700E+00     1.1667E-02     1.3899E-02
                                26        7.7900E+00     1.1692E-02     1.3997E-02
                                27        1.0000E+01     6.8077E-03     1.8733E-02
                                28        1.2000E+01     6.6105E-03     1.8887E-02
                                29        1.3500E+01     6.5886E-03     1.8814E-02
                                30        1.5000E+01     5.7058E-03     2.0017E-02
                               Tot                       1.5271E+00     7.3708E-04

--------- ID = 2, Particle = neutron, Type = flux, Estimator = track length, Number of cell/surface/point bins  = 2 --------------
Mesh index(x y z)             Group       Energy Bin         Ave            RE
1      1      1                 1         1.3900E-10     0.0000E+00     0.0000E+00
                                2         1.5200E-07     0.0000E+00     0.0000E+00
                                3         4.1400E-07     0.0000E+00     0.0000E+00
                                4         1.1300E-06     0.0000E+00     0.0000E+00
                                5         3.0600E-06     0.0000E+00     0.0000E+00
                                6         8.3200E-06     0.0000E+00     0.0000E+00
                                7         2.2600E-05     0.0000E+00     0.0000E+00
                                8         6.1400E-05     0.0000E+00     0.0000E+00
                                9         1.6700E-04     0.0000E+00     0.0000E+00
                                10        4.5400E-04     0.0000E+00     0.0000E+00
                                11        1.2350E-03     0.0000E+00     0.0000E+00
                                12        3.3500E-03     0.0000E+00     0.0000E+00
                                13        9.1200E-03     0.0000E+00     0.0000E+00
                                14        2.4800E-02     0.0000E+00     0.0000E+00
                                15        6.7600E-02     0.0000E+00     0.0000E+00
                                16        1.8400E-01     0.0000E+00     0.0000E+00
                                17        3.0300E-01     0.0000E+00     0.0000E+00
                                18        5.0000E-01     0.0000E+00     0.0000E+00
                                19        8.2300E-01     0.0000E+00     0.0000E+00
                                20        1.3530E+00     0.0000E+00     0.0000E+00
                                21        1.7380E+00     3.2957E-05     9.5546E-02
                                22        2.2320E+00     1.1891E-05     1.1751E-01
                                23        2.8650E+00     5.6102E-06     1.5588E-01
                                24        3.6800E+00     3.8407E-06     1.9144E-01
                                25        6.0700E+00     3.3294E-06     2.0103E-01
                                26        7.7900E+00     1.8468E-06     2.9680E-01
                                27        1.0000E+01     2.5768E-06     2.8554E-01
                                28        1.2000E+01     2.0820E-06     3.1036E-01
                                29        1.3500E+01     7.2600E-07     2.9987E-01
                                30        1.5000E+01     1.1448E-06     3.6354E-01
                               Tot                       6.6005E-05     6.1746E-02
2      1      1                 1         1.3900E-10     0.0000E+00     0.0000E+00
                                2         1.5200E-07     0.0000E+00     0.0000E+00
                                3         4.1400E-07     0.0000E+00     0.0000E+00
                                4         1.1300E-06     0.0000E+00     0.0000E+00
                                5         3.0600E-06     0.0000E+00     0.0000E+00
                                6         8.3200E-06     0.0000E+00     0.0000E+00
                                7         2.2600E-05     0.0000E+00     0.0000E+00
                                8         6.1400E-05     0.0000E+00     0.0000E+00
                                9         1.6700E-04     0.0000E+00     0.0000E+00
                                10        4.5400E-04     0.0000E+00     0.0000E+00
                                11        1.2350E-03     0.0000E+00     0.0000E+00
                                12        3.3500E-03     0.0000E+00     0.0000E+00
                                13        9.1200E-03     0.0000E+00     0.0000E+00
                                14        2.4800E-02     0.0000E+00     0.0000E+00
                                15        6.7600E-02     0.0000E+00     0.0000E+00
                                16        1.8400E-01     0.0000E+00     0.0000E+00
                                17        3.0300E-01     0.0000E+00     0.0000E+00
                                18        5.0000E-01     0.0000E+00     0.0000E+00
                                19        8.2300E-01     0.0000E+00     0.0000E+00
                                20        1.3530E+00     0.0000E+00     0.0000E+00
                                21        1.7380E+00     2.2580E-02     8.2293E-04
                                22        2.2320E+00     1.1009E-03     5.7219E-03
                                23        2.8650E+00     5.8790E-04     7.6524E-03
                                24        3.6800E+00     3.6507E-04     9.9914E-03
                                25        6.0700E+00     1.9444E-04     1.3899E-02
                                26        7.7900E+00     1.9487E-04     1.3997E-02
                                27        1.0000E+01     1.1346E-04     1.8733E-02
                                28        1.2000E+01     1.1017E-04     1.8887E-02
                                29        1.3500E+01     1.0981E-04     1.8814E-02
                                30        1.5000E+01     9.5096E-05     2.0017E-02
                               Tot                       2.5452E-02     7.3708E-04
