============================= 2 Mesh tally in total ==============================

--------- ID = 1, Particle = neutron, Type = flux, Estimator = track length, Number of cell/surface/point bins  = 2 --------------
Mesh index(x y z)             Group       Energy Bin         Ave            RE
1      1      1                 1         1.3900E-10     0.0000E+00     0.0000E+00
                                2         1.5200E-07     0.0000E+00     0.0000E+00
                                3         4.1400E-07     0.0000E+00     0.0000E+00
                                4         1.1300E-06     0.0000E+00     0.0000E+00
                                5         3.0600E-06     0.0000E+00     0.0000E+00
                                6         8.3200E-06     0.0000E+00     0.0000E+00
                                7         2.2600E-05     0.0000E+00     0.0000E+00
                                8         6.1400E-05     0.0000E+00     0.0000E+00
                                9         1.6700E-04     0.0000E+00     0.0000E+00
                                10        4.5400E-04     0.0000E+00     0.0000E+00
                                11        1.2350E-03     0.0000E+00     0.0000E+00
                                12        3.3500E-03     0.0000E+00     0.0000E+00
                                13        9.1200E-03     0.0000E+00     0.0000E+00
                                14        2.4800E-02     0.0000E+00     0.0000E+00
                                15        6.7600E-02     0.0000E+00     0.0000E+00
                                16        1.8400E-01     0.0000E+00     0.0000E+00
                                17        3.0300E-01     0.0000E+00     0.0000E+00
                                18        5.0000E-01     0.0000E+00     0.0000E+00
                                19        8.2300E-01     0.0000E+00     0.0000E+00
                                20        1.3530E+00     0.0000E+00     0.0000E+00
                                21        1.7380E+00     5.6171E-02     1.8735E-02
                                22        2.2320E+00     5.3730E-02     1.6294E-02
                                23        2.8650E+00     5.7354E-02     1.4185E-02
                                24        3.6800E+00     6.8132E-02     1.4206E-02
                                25        6.0700E+00     7.4144E-02     1.4519E-02
                                26        7.7900E+00     7.7197E-02     1.3738E-02
                                27        1.0000E+01     6.9712E-02     1.3694E-02
                                28        1.2000E+01     6.8017E-02     1.3273E-02
                                29        1.3500E+01     6.8571E-02     1.3246E-02
                                30        1.5000E+01     6.7210E-02     1.2399E-02
                               Tot                       6.6024E-01     4.8134E-03
2      1      1                 1         1.3900E-10     0.0000E+00     0.0000E+00
                                2         1.5200E-07     0.0000E+00     0.0000E+00
                                3         4.1400E-07     0.0000E+00     0.0000E+00
                                4         1.1300E-06     0.0000E+00     0.0000E+00
                                5         3.0600E-06     0.0000E+00     0.0000E+00
                                6         8.3200E-06     0.0000E+00     0.0000E+00
                                7         2.2600E-05     0.0000E+00     0.0000E+00
                                8         6.1400E-05     0.0000E+00     0.0000E+00
                                9         1.6700E-04     0.0000E+00     0.0000E+00
                                10        4.5400E-04     0.0000E+00     0.0000E+00
                                11        1.2350E-03     0.0000E+00     0.0000E+00
                                12        3.3500E-03     0.0000E+00     0.0000E+00
                                13        9.1200E-03     0.0000E+00     0.0000E+00
                                14        2.4800E-02     0.0000E+00     0.0000E+00
                                15        6.7600E-02     0.0000E+00     0.0000E+00
                                16        1.8400E-01     0.0000E+00     0.0000E+00
                                17        3.0300E-01     0.0000E+00     0.0000E+00
                                18        5.0000E-01     0.0000E+00     0.0000E+00
                                19        8.2300E-01     0.0000E+00     0.0000E+00
                                20        1.3530E+00     0.0000E+00     0.0000E+00
                                21        1.7380E+00     4.4584E+00     1.8653E-03
                                22        2.2320E+00     1.0034E+00     4.4960E-03
                                23        2.8650E+00     8.0614E-01     4.6563E-03
                                24        3.6800E+00     6.8013E-01     5.8379E-03
                                25        6.0700E+00     5.5037E-01     7.0762E-03
                                26        7.7900E+00     5.2511E-01     7.1839E-03
                                27        1.0000E+01     4.3271E-01     7.7203E-03
                                28        1.2000E+01     4.1056E-01     7.8644E-03
                                29        1.3500E+01     4.1282E-01     7.8026E-03
                                30        1.5000E+01     3.8002E-01     7.8866E-03
                               Tot                       9.6597E+00     1.1511E-03

--------- ID = 2, Particle = neutron, Type = flux, Estimator = track length, Number of cell/surface/point bins  = 2 --------------
Mesh index(x y z)             Group       Energy Bin         Ave            RE
1      1      1                 1         1.3900E-10     0.0000E+00     0.0000E+00
                                2         1.5200E-07     0.0000E+00     0.0000E+00
                                3         4.1400E-07     0.0000E+00     0.0000E+00
                                4         1.1300E-06     0.0000E+00     0.0000E+00
                                5         3.0600E-06     0.0000E+00     0.0000E+00
                                6         8.3200E-06     0.0000E+00     0.0000E+00
                                7         2.2600E-05     0.0000E+00     0.0000E+00
                                8         6.1400E-05     0.0000E+00     0.0000E+00
                                9         1.6700E-04     0.0000E+00     0.0000E+00
                                10        4.5400E-04     0.0000E+00     0.0000E+00
                                11        1.2350E-03     0.0000E+00     0.0000E+00
                                12        3.3500E-03     0.0000E+00     0.0000E+00
                                13        9.1200E-03     0.0000E+00     0.0000E+00
                                14        2.4800E-02     0.0000E+00     0.0000E+00
                                15        6.7600E-02     0.0000E+00     0.0000E+00
                                16        1.8400E-01     0.0000E+00     0.0000E+00
                                17        3.0300E-01     0.0000E+00     0.0000E+00
                                18        5.0000E-01     0.0000E+00     0.0000E+00
                                19        8.2300E-01     0.0000E+00     0.0000E+00
                                20        1.3530E+00     0.0000E+00     0.0000E+00
                                21        1.7380E+00     1.1234E-06     1.8735E-02
                                22        2.2320E+00     1.0746E-06     1.6294E-02
                                23        2.8650E+00     1.1471E-06     1.4185E-02
                                24        3.6800E+00     1.3626E-06     1.4206E-02
                                25        6.0700E+00     1.4829E-06     1.4519E-02
                                26        7.7900E+00     1.5439E-06     1.3738E-02
                                27        1.0000E+01     1.3942E-06     1.3694E-02
                                28        1.2000E+01     1.3603E-06     1.3273E-02
                                29        1.3500E+01     1.3714E-06     1.3246E-02
                                30        1.5000E+01     1.3442E-06     1.2399E-02
                               Tot                       1.3205E-05     4.8134E-03
2      1      1                 1         1.3900E-10     0.0000E+00     0.0000E+00
                                2         1.5200E-07     0.0000E+00     0.0000E+00
                                3         4.1400E-07     0.0000E+00     0.0000E+00
                                4         1.1300E-06     0.0000E+00     0.0000E+00
                                5         3.0600E-06     0.0000E+00     0.0000E+00
                                6         8.3200E-06     0.0000E+00     0.0000E+00
                                7         2.2600E-05     0.0000E+00     0.0000E+00
                                8         6.1400E-05     0.0000E+00     0.0000E+00
                                9         1.6700E-04     0.0000E+00     0.0000E+00
                                10        4.5400E-04     0.0000E+00     0.0000E+00
                                11        1.2350E-03     0.0000E+00     0.0000E+00
                                12        3.3500E-03     0.0000E+00     0.0000E+00
                                13        9.1200E-03     0.0000E+00     0.0000E+00
                                14        2.4800E-02     0.0000E+00     0.0000E+00
                                15        6.7600E-02     0.0000E+00     0.0000E+00
                                16        1.8400E-01     0.0000E+00     0.0000E+00
                                17        3.0300E-01     0.0000E+00     0.0000E+00
                                18        5.0000E-01     0.0000E+00     0.0000E+00
                                19        8.2300E-01     0.0000E+00     0.0000E+00
                                20        1.3530E+00     0.0000E+00     0.0000E+00
                                21        1.7380E+00     2.9722E-05     1.8653E-03
                                22        2.2320E+00     6.6896E-06     4.4960E-03
                                23        2.8650E+00     5.3742E-06     4.6563E-03
                                24        3.6800E+00     4.5342E-06     5.8379E-03
                                25        6.0700E+00     3.6692E-06     7.0762E-03
                                26        7.7900E+00     3.5008E-06     7.1839E-03
                                27        1.0000E+01     2.8847E-06     7.7203E-03
                                28        1.2000E+01     2.7370E-06     7.8644E-03
                                29        1.3500E+01     2.7521E-06     7.8026E-03
                                30        1.5000E+01     2.5335E-06     7.8866E-03
                               Tot                       6.4398E-05     1.1511E-03
