============================= 2 Mesh tally in total ==============================

--------- ID = 1, Particle = neutron, Type = flux, Estimator = track length, Number of cell/surface/point bins  = 2 --------------
Mesh index(x y z)             Group       Energy Bin         Ave            RE
1      1      1                 1         1.3900E-10     0.0000E+00     0.0000E+00
                                2         1.5200E-07     0.0000E+00     0.0000E+00
                                3         4.1400E-07     0.0000E+00     0.0000E+00
                                4         1.1300E-06     0.0000E+00     0.0000E+00
                                5         3.0600E-06     0.0000E+00     0.0000E+00
                                6         8.3200E-06     7.3484E-07     1.0000E+00
                                7         2.2600E-05     3.8456E-07     1.0000E+00
                                8         6.1400E-05     9.3606E-07     1.0000E+00
                                9         1.6700E-04     1.3083E-06     1.0000E+00
                                10        4.5400E-04     3.6384E-06     5.0458E-01
                                11        1.2350E-03     4.4927E-06     6.5381E-01
                                12        3.3500E-03     3.9223E-06     7.1129E-01
                                13        9.1200E-03     9.4193E-06     3.8087E-01
                                14        2.4800E-02     2.7344E-05     3.1293E-01
                                15        6.7600E-02     2.7095E-05     2.9226E-01
                                16        1.8400E-01     2.4653E-05     3.5123E-01
                                17        3.0300E-01     4.8343E-05     2.7495E-01
                                18        5.0000E-01     4.5841E-05     2.2523E-01
                                19        8.2300E-01     1.3448E-04     1.9384E-01
                                20        1.3530E+00     1.6695E-04     1.7397E-01
                                21        1.7380E+00     6.6407E-04     1.0130E-01
                                22        2.2320E+00     0.0000E+00     0.0000E+00
                                23        2.8650E+00     0.0000E+00     0.0000E+00
                                24        3.6800E+00     0.0000E+00     0.0000E+00
                                25        6.0700E+00     0.0000E+00     0.0000E+00
                                26        7.7900E+00     0.0000E+00     0.0000E+00
                                27        1.0000E+01     0.0000E+00     0.0000E+00
                                28        1.2000E+01     0.0000E+00     0.0000E+00
                                29        1.3500E+01     0.0000E+00     0.0000E+00
                                30        1.5000E+01     0.0000E+00     0.0000E+00
                               Tot                       1.1636E-03     7.8722E-02
2      1      1                 1         1.3900E-10     7.4484E-04     8.0564E-02
                                2         1.5200E-07     2.7248E-04     9.4568E-02
                                3         4.1400E-07     3.9196E-04     7.4590E-02
                                4         1.1300E-06     5.0717E-04     6.7794E-02
                                5         3.0600E-06     6.5773E-04     5.9547E-02
                                6         8.3200E-06     9.6383E-04     4.9839E-02
                                7         2.2600E-05     1.3390E-03     4.1479E-02
                                8         6.1400E-05     2.0562E-03     3.5604E-02
                                9         1.6700E-04     2.5938E-03     2.8967E-02
                                10        4.5400E-04     3.7703E-03     2.4490E-02
                                11        1.2350E-03     5.1043E-03     2.1098E-02
                                12        3.3500E-03     7.5458E-03     1.7650E-02
                                13        9.1200E-03     1.0982E-02     1.4592E-02
                                14        2.4800E-02     1.7075E-02     1.2018E-02
                                15        6.7600E-02     2.9727E-02     9.5376E-03
                                16        1.8400E-01     2.5230E-02     1.0430E-02
                                17        3.0300E-01     3.6193E-02     9.0595E-03
                                18        5.0000E-01     5.5511E-02     7.5174E-03
                                19        8.2300E-01     8.0224E-02     6.3755E-03
                                20        1.3530E+00     1.0112E-01     5.8557E-03
                                21        1.7380E+00     1.3538E+00     8.5379E-04
                                22        2.2320E+00     0.0000E+00     0.0000E+00
                                23        2.8650E+00     0.0000E+00     0.0000E+00
                                24        3.6800E+00     0.0000E+00     0.0000E+00
                                25        6.0700E+00     0.0000E+00     0.0000E+00
                                26        7.7900E+00     0.0000E+00     0.0000E+00
                                27        1.0000E+01     0.0000E+00     0.0000E+00
                                28        1.2000E+01     0.0000E+00     0.0000E+00
                                29        1.3500E+01     0.0000E+00     0.0000E+00
                                30        1.5000E+01     0.0000E+00     0.0000E+00
                               Tot                       1.7358E+00     8.2819E-04

--------- ID = 2, Particle = neutron, Type = flux, Estimator = track length, Number of cell/surface/point bins  = 2 --------------
Mesh index(x y z)             Group       Energy Bin         Ave            RE
1      1      1                 1         1.3900E-10     0.0000E+00     0.0000E+00
                                2         1.5200E-07     0.0000E+00     0.0000E+00
                                3         4.1400E-07     0.0000E+00     0.0000E+00
                                4         1.1300E-06     0.0000E+00     0.0000E+00
                                5         3.0600E-06     0.0000E+00     0.0000E+00
                                6         8.3200E-06     3.6742E-08     1.0000E+00
                                7         2.2600E-05     1.9228E-08     1.0000E+00
                                8         6.1400E-05     4.6803E-08     1.0000E+00
                                9         1.6700E-04     6.5413E-08     1.0000E+00
                                10        4.5400E-04     1.8192E-07     5.0458E-01
                                11        1.2350E-03     2.2463E-07     6.5381E-01
                                12        3.3500E-03     1.9611E-07     7.1129E-01
                                13        9.1200E-03     4.7096E-07     3.8087E-01
                                14        2.4800E-02     1.3672E-06     3.1293E-01
                                15        6.7600E-02     1.3548E-06     2.9226E-01
                                16        1.8400E-01     1.2326E-06     3.5123E-01
                                17        3.0300E-01     2.4172E-06     2.7495E-01
                                18        5.0000E-01     2.2921E-06     2.2523E-01
                                19        8.2300E-01     6.7242E-06     1.9384E-01
                                20        1.3530E+00     8.3475E-06     1.7397E-01
                                21        1.7380E+00     3.3204E-05     1.0130E-01
                                22        2.2320E+00     0.0000E+00     0.0000E+00
                                23        2.8650E+00     0.0000E+00     0.0000E+00
                                24        3.6800E+00     0.0000E+00     0.0000E+00
                                25        6.0700E+00     0.0000E+00     0.0000E+00
                                26        7.7900E+00     0.0000E+00     0.0000E+00
                                27        1.0000E+01     0.0000E+00     0.0000E+00
                                28        1.2000E+01     0.0000E+00     0.0000E+00
                                29        1.3500E+01     0.0000E+00     0.0000E+00
                                30        1.5000E+01     0.0000E+00     0.0000E+00
                               Tot                       5.8181E-05     7.8722E-02
2      1      1                 1         1.3900E-10     1.2414E-05     8.0564E-02
                                2         1.5200E-07     4.5413E-06     9.4568E-02
                                3         4.1400E-07     6.5326E-06     7.4590E-02
                                4         1.1300E-06     8.4528E-06     6.7794E-02
                                5         3.0600E-06     1.0962E-05     5.9547E-02
                                6         8.3200E-06     1.6064E-05     4.9839E-02
                                7         2.2600E-05     2.2317E-05     4.1479E-02
                                8         6.1400E-05     3.4270E-05     3.5604E-02
                                9         1.6700E-04     4.3230E-05     2.8967E-02
                                10        4.5400E-04     6.2839E-05     2.4490E-02
                                11        1.2350E-03     8.5072E-05     2.1098E-02
                                12        3.3500E-03     1.2576E-04     1.7650E-02
                                13        9.1200E-03     1.8303E-04     1.4592E-02
                                14        2.4800E-02     2.8459E-04     1.2018E-02
                                15        6.7600E-02     4.9546E-04     9.5376E-03
                                16        1.8400E-01     4.2050E-04     1.0430E-02
                                17        3.0300E-01     6.0322E-04     9.0595E-03
                                18        5.0000E-01     9.2518E-04     7.5174E-03
                                19        8.2300E-01     1.3371E-03     6.3755E-03
                                20        1.3530E+00     1.6854E-03     5.8557E-03
                                21        1.7380E+00     2.2564E-02     8.5379E-04
                                22        2.2320E+00     0.0000E+00     0.0000E+00
                                23        2.8650E+00     0.0000E+00     0.0000E+00
                                24        3.6800E+00     0.0000E+00     0.0000E+00
                                25        6.0700E+00     0.0000E+00     0.0000E+00
                                26        7.7900E+00     0.0000E+00     0.0000E+00
                                27        1.0000E+01     0.0000E+00     0.0000E+00
                                28        1.2000E+01     0.0000E+00     0.0000E+00
                                29        1.3500E+01     0.0000E+00     0.0000E+00
                                30        1.5000E+01     0.0000E+00     0.0000E+00
                               Tot                       2.8931E-02     8.2819E-04
