============================= 2 Mesh tally in total ==============================

--------- ID = 1, Particle = neutron, Type = flux, Estimator = track length, Number of cell/surface/point bins  = 2 --------------
Mesh index(x y z)             Group       Energy Bin         Ave            RE
1      1      1                 1         1.3900E-10     2.4081E+00     5.1665E-03
                                2         1.5200E-07     2.8998E-02     1.8178E-02
                                3         4.1400E-07     2.9914E-02     1.8216E-02
                                4         1.1300E-06     2.9849E-02     1.8119E-02
                                5         3.0600E-06     3.1266E-02     1.8281E-02
                                6         8.3200E-06     2.9407E-02     1.8337E-02
                                7         2.2600E-05     2.8953E-02     1.8716E-02
                                8         6.1400E-05     2.8219E-02     1.8736E-02
                                9         1.6700E-04     2.7206E-02     1.8925E-02
                                10        4.5400E-04     2.6537E-02     1.9112E-02
                                11        1.2350E-03     2.6871E-02     1.9358E-02
                                12        3.3500E-03     2.6927E-02     1.9597E-02
                                13        9.1200E-03     2.7429E-02     1.9842E-02
                                14        2.4800E-02     3.1172E-02     1.9764E-02
                                15        6.7600E-02     3.9166E-02     1.9690E-02
                                16        1.8400E-01     2.7550E-02     2.4445E-02
                                17        3.0300E-01     3.4905E-02     2.3936E-02
                                18        5.0000E-01     4.6819E-02     2.2299E-02
                                19        8.2300E-01     4.8460E-02     2.3006E-02
                                20        1.3530E+00     3.7239E-02     2.6569E-02
                                21        1.7380E+00     5.5267E-02     2.1891E-02
                                22        2.2320E+00     0.0000E+00     0.0000E+00
                                23        2.8650E+00     0.0000E+00     0.0000E+00
                                24        3.6800E+00     0.0000E+00     0.0000E+00
                                25        6.0700E+00     0.0000E+00     0.0000E+00
                                26        7.7900E+00     0.0000E+00     0.0000E+00
                                27        1.0000E+01     0.0000E+00     0.0000E+00
                                28        1.2000E+01     0.0000E+00     0.0000E+00
                                29        1.3500E+01     0.0000E+00     0.0000E+00
                                30        1.5000E+01     0.0000E+00     0.0000E+00
                               Tot                       3.0703E+00     4.8663E-03
2      1      1                 1         1.3900E-10     2.0518E+01     2.1508E-03
                                2         1.5200E-07     4.3321E-01     4.3228E-03
                                3         4.1400E-07     4.5995E-01     4.2990E-03
                                4         1.1300E-06     4.6832E-01     4.2653E-03
                                5         3.0600E-06     4.7839E-01     4.2379E-03
                                6         8.3200E-06     4.8648E-01     4.2216E-03
                                7         2.2600E-05     4.9293E-01     4.1624E-03
                                8         6.1400E-05     5.0004E-01     4.1438E-03
                                9         1.6700E-04     5.0726E-01     4.1079E-03
                                10        4.5400E-04     5.1109E-01     4.0913E-03
                                11        1.2350E-03     5.2171E-01     4.0420E-03
                                12        3.3500E-03     5.4184E-01     3.9803E-03
                                13        9.1200E-03     5.8070E-01     3.9612E-03
                                14        2.4800E-02     6.7010E-01     3.9199E-03
                                15        6.7600E-02     8.8204E-01     3.8216E-03
                                16        1.8400E-01     6.2146E-01     5.0008E-03
                                17        3.0300E-01     7.9514E-01     4.9348E-03
                                18        5.0000E-01     1.0906E+00     4.6661E-03
                                19        8.2300E-01     1.2974E+00     4.5844E-03
                                20        1.3530E+00     1.1337E+00     5.1186E-03
                                21        1.7380E+00     4.4559E+00     2.0410E-03
                                22        2.2320E+00     0.0000E+00     0.0000E+00
                                23        2.8650E+00     0.0000E+00     0.0000E+00
                                24        3.6800E+00     0.0000E+00     0.0000E+00
                                25        6.0700E+00     0.0000E+00     0.0000E+00
                                26        7.7900E+00     0.0000E+00     0.0000E+00
                                27        1.0000E+01     0.0000E+00     0.0000E+00
                                28        1.2000E+01     0.0000E+00     0.0000E+00
                                29        1.3500E+01     0.0000E+00     0.0000E+00
                                30        1.5000E+01     0.0000E+00     0.0000E+00
                               Tot                       3.7446E+01     1.4018E-03

--------- ID = 2, Particle = neutron, Type = flux, Estimator = track length, Number of cell/surface/point bins  = 2 --------------
Mesh index(x y z)             Group       Energy Bin         Ave            RE
1      1      1                 1         1.3900E-10     4.8162E-05     5.1665E-03
                                2         1.5200E-07     5.7997E-07     1.8178E-02
                                3         4.1400E-07     5.9828E-07     1.8216E-02
                                4         1.1300E-06     5.9699E-07     1.8119E-02
                                5         3.0600E-06     6.2532E-07     1.8281E-02
                                6         8.3200E-06     5.8814E-07     1.8337E-02
                                7         2.2600E-05     5.7906E-07     1.8716E-02
                                8         6.1400E-05     5.6437E-07     1.8736E-02
                                9         1.6700E-04     5.4411E-07     1.8925E-02
                                10        4.5400E-04     5.3074E-07     1.9112E-02
                                11        1.2350E-03     5.3743E-07     1.9358E-02
                                12        3.3500E-03     5.3853E-07     1.9597E-02
                                13        9.1200E-03     5.4858E-07     1.9842E-02
                                14        2.4800E-02     6.2344E-07     1.9764E-02
                                15        6.7600E-02     7.8333E-07     1.9690E-02
                                16        1.8400E-01     5.5100E-07     2.4445E-02
                                17        3.0300E-01     6.9809E-07     2.3936E-02
                                18        5.0000E-01     9.3638E-07     2.2299E-02
                                19        8.2300E-01     9.6921E-07     2.3006E-02
                                20        1.3530E+00     7.4478E-07     2.6569E-02
                                21        1.7380E+00     1.1053E-06     2.1891E-02
                                22        2.2320E+00     0.0000E+00     0.0000E+00
                                23        2.8650E+00     0.0000E+00     0.0000E+00
                                24        3.6800E+00     0.0000E+00     0.0000E+00
                                25        6.0700E+00     0.0000E+00     0.0000E+00
                                26        7.7900E+00     0.0000E+00     0.0000E+00
                                27        1.0000E+01     0.0000E+00     0.0000E+00
                                28        1.2000E+01     0.0000E+00     0.0000E+00
                                29        1.3500E+01     0.0000E+00     0.0000E+00
                                30        1.5000E+01     0.0000E+00     0.0000E+00
                               Tot                       6.1405E-05     4.8663E-03
2      1      1                 1         1.3900E-10     1.3679E-04     2.1508E-03
                                2         1.5200E-07     2.8880E-06     4.3228E-03
                                3         4.1400E-07     3.0664E-06     4.2990E-03
                                4         1.1300E-06     3.1221E-06     4.2653E-03
                                5         3.0600E-06     3.1893E-06     4.2379E-03
                                6         8.3200E-06     3.2432E-06     4.2216E-03
                                7         2.2600E-05     3.2862E-06     4.1624E-03
                                8         6.1400E-05     3.3336E-06     4.1438E-03
                                9         1.6700E-04     3.3817E-06     4.1079E-03
                                10        4.5400E-04     3.4073E-06     4.0913E-03
                                11        1.2350E-03     3.4781E-06     4.0420E-03
                                12        3.3500E-03     3.6123E-06     3.9803E-03
                                13        9.1200E-03     3.8713E-06     3.9612E-03
                                14        2.4800E-02     4.4673E-06     3.9199E-03
                                15        6.7600E-02     5.8803E-06     3.8216E-03
                                16        1.8400E-01     4.1430E-06     5.0008E-03
                                17        3.0300E-01     5.3009E-06     4.9348E-03
                                18        5.0000E-01     7.2708E-06     4.6661E-03
                                19        8.2300E-01     8.6496E-06     4.5844E-03
                                20        1.3530E+00     7.5578E-06     5.1186E-03
                                21        1.7380E+00     2.9706E-05     2.0410E-03
                                22        2.2320E+00     0.0000E+00     0.0000E+00
                                23        2.8650E+00     0.0000E+00     0.0000E+00
                                24        3.6800E+00     0.0000E+00     0.0000E+00
                                25        6.0700E+00     0.0000E+00     0.0000E+00
                                26        7.7900E+00     0.0000E+00     0.0000E+00
                                27        1.0000E+01     0.0000E+00     0.0000E+00
                                28        1.2000E+01     0.0000E+00     0.0000E+00
                                29        1.3500E+01     0.0000E+00     0.0000E+00
                                30        1.5000E+01     0.0000E+00     0.0000E+00
                               Tot                       2.4964E-04     1.4018E-03
