10006.91m   1.000000 0.00000E+00   private angular qualification





      10    10006        1        0        1        1        1        0
       0        0        0        1        0        0        0        0
       1        3        0        0        0        4        0        0
       0        0        0        0        5        0        0        7
       8        0        0        0        0        0        0        0
       0        0        0        0        0        0        0        0
 1.00000000E+00  2.00000000E+00  1.00000000E+00  0.00000000E+00
 6.00000000E+00  1.00000000E+00  9.00000000E+00  1.00000000E+01
 1.00000000E+00  5.00000000E-01
