10000.92g   1.000000 0.00000E+00   private two-group secondary qualification





      12     1000        0        0        2        0        0        0
       0        0        0        2        0        0        0        0
       1        5        0        0        0        7        0        0
       0        0        0        0        9        0        0       12
       0        0        0        0        0        0        0        0
       0        0        0        0        0        0        0        0
 3.00000000E+00  1.00000000E+00  2.00000000E+00  2.00000000E+00
 1.00000000E+00  1.00000000E+00  0.00000000E+00  0.00000000E+00
 1.00000000E+01  0.00000000E+00  0.00000000E+00  0.00000000E+00
