10006.92m   1.000000 0.00000E+00   private two-group secondary qualification





      34    10006        0        0        2        0        0        1
       0        0        0        1        0        0        0        0
       1        5        0        0        0        7        0        0
       0        0        9       10       11       13       14       15
      17        0        0        0        0        0        0        0
       0        0        0        0        0        0        0        0
 3.00000000E+00  1.00000000E+00  2.00000000E+00  2.00000000E+00
 1.00000000E+00  1.00000000E+00  0.00000000E+00  0.00000000E+00
 2.00000000E+00  1.90000000E+01  2.20000000E+01  2.40000000E+01
 0.00000000E+00  1.00000000E+00  2.80000000E+01  3.00000000E+01
 0.00000000E+00  3.40000000E+01  2.00000000E+00  3.00000000E+00
 1.00000000E+00  1.00000000E+00  1.00000000E+00  0.00000000E+00
 0.00000000E+00  1.00000000E+00  0.00000000E+00  0.00000000E+00
 0.00000000E+00  0.00000000E+00  0.00000000E+00  1.00000000E+00
 0.00000000E+00 -5.00000000E-01
