
================================ Tally Table Start ================================ 
============================= 1 cell tally in total ==============================

--------- ID = 1, Particle = neutron, Type = flux, Estimator = track length, Number of cell/surface/point bins  = 1 --------------
Cell                          Group       Energy Bin         Ave            RE
1                               1         1.3900E-10     0.0000E+00     0.0000E+00
                                2         1.5200E-07     0.0000E+00     0.0000E+00
                                3         4.1400E-07     0.0000E+00     0.0000E+00
                                4         1.1300E-06     0.0000E+00     0.0000E+00
                                5         3.0600E-06     0.0000E+00     0.0000E+00
                                6         8.3200E-06     0.0000E+00     0.0000E+00
                                7         2.2600E-05     0.0000E+00     0.0000E+00
                                8         6.1400E-05     0.0000E+00     0.0000E+00
                                9         1.6700E-04     0.0000E+00     0.0000E+00
                                10        4.5400E-04     0.0000E+00     0.0000E+00
                                11        1.2350E-03     0.0000E+00     0.0000E+00
                                12        3.3500E-03     0.0000E+00     0.0000E+00
                                13        9.1200E-03     0.0000E+00     0.0000E+00
                                14        2.4800E-02     0.0000E+00     0.0000E+00
                                15        6.7600E-02     0.0000E+00     0.0000E+00
                                16        1.8400E-01     0.0000E+00     0.0000E+00
                                17        3.0300E-01     0.0000E+00     0.0000E+00
                                18        5.0000E-01     2.8901E-03     7.7179E-02
                                19        8.2300E-01     5.7154E-03     5.8650E-02
                                20        1.3530E+00     9.2322E-03     4.5071E-02
                                21        1.7380E+00     1.3410E-02     3.8547E-02
                                22        2.2320E+00     1.7259E-02     3.7406E-02
                                23        2.8650E+00     1.8359E-02     3.5052E-02
                                24        3.6800E+00     2.2974E-02     3.5199E-02
                                25        6.0700E+00     2.4414E-02     3.6378E-02
                                26        7.7900E+00     2.2033E-02     3.7799E-02
                                27        1.0000E+01     2.0625E-02     3.9253E-02
                                28        1.2000E+01     2.0873E-02     4.0918E-02
                                29        1.3500E+01     2.1024E-02     4.0266E-02
                                30        1.5000E+01     1.8866E-02     4.2619E-02
                               Tot                       2.1767E-01     1.6299E-02
